ITS2 type profile UID		180764	180723	180868	180918	180871	180920	182919	181695	181661	181347	181995	181966	181082	181735	181091	181223	181023	181084	181690	181059	181004	181040	181686	181859	181925	181689	182348	181595	181218	180981	182745	182747	182541	182545	182746	182662	182539	182765	182768	182839
Clade		A	A	B	B	B	B	B	C	C	C	C	C	C	C	C	C	C	C	C	C	C	C	C	C	C	C	C	C	C	C	D	D	D	D	D	D	D	D	D	E
Majority ITS2 sequence		A4z	A4	B19	B5	B2	B1	B5a	C1	C1	C1	C1	C1	C1	C1	C3	C1	C3	C3af	C1	C1	C1	C1	C1	C1	C1	C1	C15	C1	C1	C1	D1	D1	D1	D1	D1	D1	D1	D1	D1	E1c
Associated species		None	None	None	None	None	None	None	None	None	None	None	None	None	None	None	None	None	None	None	None	None	None	None	None	None	None	None	None	None	None	None	None	None	None	None	None	None	None	None	None
ITS2 profile abundance local		1	1	7	5	2	2	1	27	22	20	18	13	13	13	11	8	7	7	5	3	2	2	2	2	1	1	1	1	1	1	53	47	22	10	2	1	1	1	1	2
ITS2 profile abundance DB		3	44	7	9	39	51	5	168	88	36	27	20	36	907	14	82	24	9	96	14	28	7	12	35	5	10	75	2	33	7	53	47	222	293	2	250	75	151	14	4
ITS2 type profile		A4z	A4	B19-B19j	B5-B5ay	B2-B2e	B1	B5a	C1/C3-C1c-C1b-C1w	C1/C1c-C1al-C1b-C42.2	C1/C1c-C1al-C1b	C1/C1c-C3-C1al	C1-C1c-C3-C72k	C1-C1c-C72k-C1b	C1-C1b-C1c-C42.2-C1bh-C1br-C1cb-C3	C3-C1-C3y-C6a	C1/C1c-C1b-C72k-C42.2	C3-C3y-C6a	C3af-C3hq	C1-C1c-C1am-C1ao-C1an-C1b-C3cm	C1/C3/C1c-C1b	C1/C1c	C1/C3-C1c	C1/C3/C42.2-C1c-C1b	C1/C3-C1c-C1b-C42.2-C1bh-C1br	C1-C1c-C1b-C42.2-C3-C1br	C1/C3cm-C1c-C1am-C1ao-C1an	C15	C1-C1b-C1am-C1c	C1/C3-C1c-C1b-C42.2-C1bh	C1/C1b-C1u-C3	D1-D4-D1cl-D1ck-D4c-D1cm-D1c	D1-D4-D1cl-D4c-D1az-D1c	D1-D4-D4c-D1c-D2-D1k	D1-D4-D4c-D1c-D2	D1-D4-D1cl-D4c-D1az	D1-D4-D4c-D1h-D1c	D1/D4-D4c-D1c	D1-D4-D17d-D4c-D1r-D17e-D17c-D17j	D1-D4-D4c-D1az-D1hc-D1c	E1c
131488	O2F1	0	0	0	0	0	0	0	0	0	0	0	0	0	0	0	0	0	0	0	0	0	0	0	0	0	0	0	0	0	0	3285.0	0	0	0	0	0	0	0	0	0
131453	O3B2	0	0	0	0	0	0	0	0	0	0	0	0	0	0	0	0	0	0	0	0	0	0	0	0	0	0	0	0	0	0	2687.0	0	0	0	0	0	0	0	0	0
131495	I2H4	0	0	0	0	0	0	0	0	0	0	0	0	0	0	0	0	0	0	0	0	0	0	0	0	0	0	0	0	0	0	296.0	0	0	0	0	0	0	0	0	0
131490	I3E2	0	0	0	0	0	0	0	0	0	0	0	0	0	0	0	0	0	0	0	0	0	0	0	0	0	0	0	0	0	0	2257.0	0	0	0	0	0	0	0	0	0
131432	O4H2	0	0	0	0	0	0	0	0	0	0	0	0	0	0	0	0	0	0	0	0	0	0	0	0	0	0	0	0	0	0	1817.0	0	0	0	0	0	0	0	0	0
131431	O2F3	0	0	0	0	0	0	0	0	0	0	0	0	0	0	0	0	0	0	0	0	0	0	0	0	0	0	0	0	0	0	211.0	0	0	0	0	0	0	0	0	0
131461	I3D3	0	0	0	0	0	0	0	0	0	0	0	0	0	0	0	0	0	0	0	0	0	0	0	0	0	0	0	0	0	0	2042.0	0	0	0	0	0	0	0	0	0
131460	I2H13	0	0	0	0	0	0	0	0	0	0	0	0	0	0	0	0	0	0	0	0	0	0	0	0	0	0	0	0	0	0	1175.0	0	0	0	0	0	0	0	0	0
131475	O3D2	0	0	0	0	0	0	0	0	0	0	0	0	0	0	0	0	0	0	0	0	0	0	0	0	0	0	0	0	0	0	2978.0	0	0	0	0	0	0	0	0	0
131502	O3C4	0	0	0	0	0	0	0	0	0	0	0	0	0	0	0	0	0	0	0	0	0	0	0	0	0	0	0	0	0	0	3584.0	0	0	0	0	0	0	0	0	0
131456	O2G4	0	0	0	0	0	0	0	0	0	0	0	0	0	0	0	0	0	0	0	0	0	0	0	0	0	0	0	0	0	0	1772.0	0	0	0	0	0	0	0	0	0
131510	O4C1	0	0	0	0	0	0	0	0	0	0	0	0	0	0	0	0	0	0	0	0	0	0	0	0	0	0	0	0	0	0	1856.0	0	0	0	0	0	0	0	0	0
131506	O4E2	0	0	0	0	0	0	0	0	0	0	0	0	0	0	0	0	0	0	0	0	0	0	0	0	0	0	0	0	0	0	773.0	0	0	0	0	0	0	0	0	0
131425	O3I3	0	0	0	0	0	0	0	0	0	0	0	0	0	0	0	0	0	0	0	0	0	0	0	0	0	0	0	0	0	0	740.0	0	0	0	0	0	0	0	0	0
131440	O4G7	0	0	0	0	0	0	0	0	0	0	0	0	0	0	0	0	0	0	0	0	0	0	0	0	0	0	0	0	0	0	1224.0	0	0	0	0	0	0	0	0	0
131478	O3A2	0	0	0	0	0	0	0	0	0	0	0	0	0	0	0	0	0	0	0	0	0	0	0	0	0	0	0	0	0	0	2397.0	0	0	0	0	0	0	0	0	0
131509	O3F3	0	0	0	0	0	0	0	0	0	0	0	0	0	0	0	0	0	0	0	0	0	0	0	0	0	0	0	0	0	0	1224.0	0	0	0	0	0	0	0	0	0
131464	O4F4	0	0	0	0	0	0	0	0	0	0	0	0	0	0	0	0	0	0	0	0	0	0	0	0	0	0	0	0	0	0	1967.0	0	0	0	0	0	0	0	0	0
131424	O4D2	0	0	0	0	0	0	0	0	0	0	0	0	0	0	0	0	0	0	0	0	0	0	0	0	0	0	0	0	0	0	822.0	0	0	0	0	0	0	0	0	0
131465	O3C1	0	0	0	0	0	0	0	0	0	0	0	0	0	0	0	0	0	0	0	0	0	0	0	0	0	0	0	0	0	0	1007.0	0	0	0	0	0	0	0	0	0
131450	O2G7	0	0	0	0	0	0	0	0	0	0	0	0	0	0	0	0	0	0	0	0	0	0	0	0	0	0	0	0	0	0	1007.0	0	0	0	0	0	0	0	0	0
131441	O4F2	0	0	0	0	0	0	0	0	0	0	0	0	0	0	0	0	0	0	0	0	0	0	0	0	0	0	0	0	0	0	1787.0	0	0	0	0	0	0	0	0	0
131498	O2G1	0	0	0	0	0	0	0	0	0	0	0	0	0	0	0	0	0	0	0	0	0	0	0	0	0	0	0	0	0	0	1029.0	0	0	0	0	0	0	0	0	0
131442	O4G1	0	0	0	0	0	0	0	0	0	0	0	0	0	0	0	0	0	0	0	0	0	0	0	0	0	0	0	0	0	0	272.0	0	0	0	0	0	0	0	0	0
131454	O4E4	0	0	0	0	0	0	0	0	0	0	0	0	0	0	0	0	0	0	0	0	0	0	0	0	0	0	0	0	0	0	800.0	0	0	0	0	0	0	0	0	0
131497	O4A17	0	0	0	0	0	0	0	0	0	0	0	0	0	0	0	0	0	0	0	0	0	0	0	0	0	0	0	0	0	0	1936.0	0	0	0	0	0	0	0	0	0
131486	O3I11	0	0	0	0	0	0	0	0	0	0	0	0	0	0	0	0	0	0	0	0	0	0	0	0	0	0	0	0	0	0	1695.0	0	0	0	0	0	0	0	0	0
131474	O3A10	0	0	0	0	0	0	0	0	0	0	0	0	0	0	0	0	0	0	0	0	0	0	0	0	0	0	0	0	0	0	1245.0	0	0	0	0	0	0	0	0	0
131427	I2H2	0	0	0	0	0	0	0	0	0	0	0	0	0	0	0	0	0	0	0	0	0	0	0	0	0	0	0	0	0	0	851.0	0	0	0	0	0	0	0	0	0
131471	O3C10	0	0	0	0	0	0	0	0	0	0	0	0	0	0	0	0	0	0	0	0	0	0	0	0	0	0	0	0	0	0	683.0	0	0	0	0	0	0	0	0	0
131491	O4E1	0	0	0	0	0	0	0	0	0	0	0	0	0	0	0	0	0	0	0	0	0	0	0	0	0	0	0	0	0	0	2681.0	0	0	0	0	0	0	0	0	0
131494	O4H3	0	0	0	0	0	0	0	0	0	0	0	0	0	0	0	0	0	0	0	0	0	0	0	0	0	0	0	0	0	0	1150.0	0	0	0	0	0	0	0	0	0
131459	I3E4	0	0	0	0	0	0	0	0	0	0	0	0	0	0	0	0	0	0	0	0	0	0	0	0	0	0	0	0	0	0	936.0	0	0	0	0	0	0	0	0	0
131469	O4E10	0	0	0	0	0	0	0	0	0	0	0	0	0	0	0	0	0	0	0	0	0	0	0	0	0	0	0	0	0	0	838.0	0	0	0	0	0	0	0	0	0
131512	O4A2	0	0	0	0	0	0	0	0	0	0	0	0	0	0	0	0	0	0	0	0	0	0	0	0	0	0	0	0	0	0	541.0	0	0	0	0	0	0	0	0	0
131487	O2H8	0	0	0	0	0	0	0	0	0	0	0	0	0	0	0	0	0	0	0	0	0	0	0	0	0	0	0	0	0	0	794.0	0	0	0	0	0	0	0	0	0
131485	O3D1	0	0	0	0	0	0	0	0	0	0	0	0	0	0	0	0	0	0	0	0	0	0	0	0	0	0	0	0	0	0	1084.0	0	0	0	0	0	0	0	0	0
131452	O3I13	0	0	152.0	0	0	0	0	0	0	0	0	0	0	0	0	0	0	0	0	0	0	0	0	0	0	0	0	0	0	0	1038.0	0	0	0	0	0	0	0	0	0
131554	O3F4	0	0	0	0	0	0	0	0	0	0	0	0	0	0	0	0	0	0	0	0	0	0	0	0	0	0	0	0	0	0	0	10073.0	0	0	0	0	0	0	0	0
131568	O3E10	0	0	0	0	0	0	0	0	0	0	0	0	0	0	0	0	0	0	0	0	0	0	0	0	0	0	0	0	0	0	0	15392.0	0	0	0	0	0	0	0	0
131565	O2H2	0	0	0	0	0	0	0	0	0	0	0	0	0	0	0	0	0	0	0	0	0	0	0	0	0	0	0	0	0	0	0	12733.0	0	0	0	0	0	0	0	0
131549	O3F13	0	0	0	0	0	0	0	0	0	0	0	0	0	0	0	0	0	0	0	0	0	0	0	0	0	0	0	0	0	0	0	12882.0	0	0	0	0	0	0	0	0
131544	O4F1	0	0	0	0	0	0	0	0	0	0	0	0	0	0	0	0	0	0	0	0	0	0	0	0	0	0	0	0	0	0	0	7122.0	0	0	0	0	0	0	0	0
131531	O4H11	0	0	0	0	0	0	0	0	0	0	0	217.0	0	0	0	0	0	0	0	0	0	0	0	0	0	0	0	0	0	0	0	7078.0	0	0	0	0	0	0	0	0
131569	I2H12	0	0	0	0	0	0	0	0	0	0	0	0	0	0	0	0	0	0	0	0	0	0	0	0	0	0	0	0	0	0	0	11302.0	0	0	0	0	0	0	0	382.0
131593	O4D4	0	0	0	0	0	0	0	0	0	0	0	465.0	0	0	0	0	0	0	0	0	0	0	0	0	0	0	0	0	0	0	0	13336.0	0	0	0	0	0	0	0	0
131543	O3F2	0	0	0	0	0	0	0	0	0	0	0	0	0	0	0	0	0	0	0	0	0	0	0	0	0	0	0	0	0	0	0	1536.0	0	0	0	0	0	0	0	0
131535	I3D2	0	0	0	0	0	0	0	0	0	0	0	0	0	0	0	0	0	0	0	0	0	0	0	0	0	0	0	0	0	0	0	5009.0	0	0	0	0	0	0	0	0
131599	O3E2	0	0	0	0	0	0	0	0	0	0	644.0	0	0	0	0	0	0	0	0	0	0	0	0	0	0	0	0	0	0	0	0	10046.0	0	0	0	0	0	0	0	0
131529	I3E10	0	0	0	0	0	0	0	0	0	0	0	0	0	0	0	0	0	0	0	0	0	0	0	0	0	0	0	0	0	0	0	2072.0	0	0	0	0	0	0	0	0
131530	O4I3	0	0	0	0	0	0	0	0	0	0	0	0	0	0	0	0	0	0	0	0	0	193.0	0	0	0	0	0	0	0	0	0	3052.0	0	0	0	0	0	0	0	0
131538	O4G9	0	0	0	0	0	0	0	0	0	0	0	0	0	0	0	0	0	0	0	0	0	0	0	0	0	0	0	0	0	0	0	3262.0	0	0	0	0	0	0	0	0
131558	I3F2	0	0	322.0	0	0	0	0	0	0	0	0	0	0	0	0	0	0	0	0	200.0	0	0	0	0	0	0	0	0	0	0	0	10031.0	0	0	0	0	0	0	0	0
131533	O4C3	0	0	0	0	0	0	0	337.0	0	0	0	0	0	0	0	0	0	0	0	0	0	0	0	0	0	0	0	0	0	0	0	6452.0	0	0	0	0	0	0	0	0
131597	O4A4	0	0	0	0	0	0	0	0	0	0	735.0	0	0	0	0	0	0	0	0	0	0	0	0	0	0	0	0	0	0	0	0	10708.0	0	0	0	0	0	0	0	0
131605	I3E8	0	0	0	0	0	0	0	0	0	525.0	0	0	0	0	0	0	0	0	0	0	0	0	0	0	0	0	0	0	0	0	0	7778.0	0	0	0	0	0	0	0	0
131590	O4D1	0	0	0	0	0	0	0	1173.0	0	0	0	0	0	0	0	0	0	0	0	0	0	0	0	0	0	0	0	0	0	0	0	24771.0	0	0	0	0	0	0	0	0
131536	O4D12	0	0	0	0	0	0	0	0	0	0	0	0	0	0	0	0	0	0	0	305.0	0	0	0	0	0	0	0	0	0	0	0	3673.0	0	0	0	0	0	0	0	0
131575	O3B4	0	0	188.0	0	0	0	0	0	0	0	0	0	0	0	0	0	0	0	0	0	0	0	647.0	0	0	0	0	0	0	0	0	6531.0	0	0	0	0	0	0	0	0
131579	O2F2	0	0	0	0	0	0	0	0	0	0	0	0	0	0	0	0	0	0	0	367.0	0	0	0	0	0	0	0	0	0	0	0	3740.0	0	0	0	0	0	0	0	0
131574	O3I8	0	0	0	0	0	0	0	0	0	0	1708.0	0	0	0	0	0	0	0	0	0	0	0	0	0	0	0	0	0	0	0	0	10856.0	0	0	0	0	0	0	0	0
131610	O3D9	0	0	0	0	0	0	0	0	0	0	1132.0	0	0	0	0	0	0	38.0	0	0	0	0	0	0	0	0	0	0	0	0	0	8155.0	0	0	0	0	0	0	0	0
131521	O4A1	0	0	0	0	0	0	0	0	0	0	0	0	0	0	0	0	0	0	1873.0	0	0	0	0	0	0	0	0	0	0	0	0	9259.0	0	0	0	0	0	0	0	0
131596	O4D8	0	0	479.0	0	0	0	0	0	0	0	1628.0	0	0	0	0	0	0	0	0	0	0	0	0	0	0	0	0	0	0	0	0	8016.0	0	0	0	0	0	0	0	0
131582	I3D8	0	0	279.0	0	0	0	0	0	0	0	0	0	0	0	0	0	0	106.0	0	0	0	90.0	0	0	0	0	0	0	0	0	0	1979.0	0	0	0	0	0	0	0	0
131524	O2F8	0	0	0	0	0	0	0	0	0	0	2602.0	0	0	0	0	0	0	0	0	0	0	0	0	0	0	0	0	0	0	0	0	4382.0	0	0	0	0	0	0	0	0
131553	O3B9	0	0	0	0	0	0	0	0	0	6687.0	0	0	0	0	0	0	0	0	0	0	0	0	0	0	0	0	0	0	0	0	0	11640.0	0	0	0	0	0	0	0	0
131576	O2C7	0	0	0	0	0	0	0	0	0	0	0	0	0	0	0	3691.0	0	0	0	0	0	0	0	0	0	0	0	0	0	0	0	4764.0	0	0	0	0	0	0	0	0
103725	I2F	0	0	0	0	0	0	0	7049.0	0	0	0	0	0	0	0	0	0	0	0	0	0	0	0	0	0	0	0	0	0	0	0	0	0	0	0	0	0	0	0	0
131562	I4D5	0	0	0	0	0	0	0	16667.0	0	0	0	0	0	0	0	0	0	0	0	0	0	0	0	0	0	0	0	0	0	0	0	0	0	0	0	0	0	0	0	0
103755	O2I	0	0	0	0	0	0	0	12656.0	0	0	0	0	0	0	0	0	0	0	0	0	0	0	0	0	0	0	0	0	0	0	0	0	0	0	0	0	0	0	0	0
103726	I2G	0	0	0	0	0	0	0	4458.0	0	0	0	0	0	0	0	0	0	0	0	0	0	0	0	0	0	0	0	0	0	0	0	0	0	0	0	0	0	0	0	0
103742	I4E	0	0	0	0	0	0	0	9371.0	0	0	0	0	0	0	0	0	0	0	0	0	0	0	0	0	0	0	0	0	0	0	0	0	0	0	0	0	0	0	0	0
131603	O2B5	0	0	0	0	0	0	0	28238.0	0	0	0	0	0	0	0	0	0	0	0	0	0	0	0	0	0	0	0	0	0	0	0	0	0	0	0	0	0	0	0	0
131577	I4A5	0	0	0	0	0	0	0	11268.0	0	0	0	0	0	0	0	0	0	0	0	0	0	0	0	0	0	0	0	0	0	0	0	0	0	0	0	0	0	0	0	0
103741	I4D	0	0	0	0	0	0	0	10972.0	0	0	0	0	0	0	0	0	0	0	0	0	0	0	0	0	0	0	0	0	0	0	0	0	0	0	0	0	0	0	0	0
103721	I2B	0	0	0	0	0	0	0	9742.0	0	0	0	0	0	0	0	0	0	0	0	0	0	0	0	0	0	0	0	0	0	0	0	0	0	0	0	0	0	0	0	0
103746	I4I	0	0	0	0	0	0	0	6899.0	0	0	0	0	0	0	0	0	0	0	0	0	0	0	0	0	0	0	0	0	0	0	0	0	0	0	0	0	0	0	0	0
103723	I2D	0	0	0	0	0	0	0	8532.0	0	0	0	0	0	0	0	0	0	0	0	0	0	0	0	0	0	0	0	0	0	0	0	0	0	0	0	0	0	0	0	0
131455	I2D4	0	0	0	0	0	0	0	2788.0	0	0	0	0	0	0	0	0	0	0	0	0	0	0	0	0	0	0	0	0	0	0	0	0	0	0	0	0	0	0	0	0
131435	I4A3	0	0	0	0	0	0	0	4787.0	0	0	0	0	0	0	0	0	0	0	0	0	0	0	0	0	0	0	0	0	0	0	0	0	0	0	0	0	0	0	0	0
131437	I4H1	0	0	0	0	0	0	0	12011.0	0	0	0	0	0	0	0	0	0	0	0	0	0	0	0	0	0	0	0	0	0	0	0	0	0	0	0	0	0	0	0	0
103739	I4B	0	0	0	0	0	0	0	6087.0	0	0	0	0	0	0	0	0	0	0	0	0	0	0	0	0	0	0	0	0	0	0	0	0	0	0	0	0	0	0	0	0
131540	I2G12	0	0	0	0	0	0	0	13138.0	0	0	0	0	0	0	0	0	0	0	0	0	0	0	0	0	0	0	0	0	0	0	0	0	0	0	196.0	0	0	0	0	0
103722	I2C	0	0	0	0	0	0	0	4001.0	0	0	0	0	0	0	0	0	0	0	0	0	0	0	0	0	0	0	0	0	0	0	0	0	0	0	0	0	0	0	0	0
131439	O2B1	0	0	0	0	0	0	0	5356.0	0	0	0	0	0	0	0	0	0	0	0	0	0	0	0	0	0	0	0	0	0	0	0	0	0	0	0	0	0	0	0	0
131467	I4E3	0	0	0	0	0	0	0	4094.0	0	0	0	0	0	0	0	0	0	0	0	0	0	0	0	0	0	0	0	0	0	0	0	0	0	0	0	0	0	0	0	0
131430	O2B4	0	0	0	0	0	0	0	3301.0	0	0	0	0	0	0	0	0	0	0	0	0	0	0	0	0	0	0	0	0	0	0	0	0	0	0	0	0	0	0	0	0
131466	I4C3	0	0	0	0	0	0	0	3669.0	0	0	0	0	0	0	0	0	0	0	0	0	0	0	0	0	0	0	0	0	0	0	193.0	0	0	0	0	0	0	0	0	0
131511	I2B3	0	0	0	0	0	0	0	1459.0	0	0	0	0	0	0	0	0	0	0	0	0	0	0	0	0	0	0	0	0	0	0	0	0	0	0	0	0	0	0	0	0
131507	O2B10	0	0	0	0	0	0	0	3565.0	0	0	0	0	0	0	0	0	0	0	0	0	0	0	0	0	0	0	0	0	0	0	194.0	0	0	0	0	0	0	0	0	0
131513	O4B3	0	0	0	0	0	0	0	2154.0	0	0	0	0	0	0	0	0	0	0	0	0	0	0	0	0	0	0	0	0	0	0	0	0	0	0	203.0	0	0	0	0	0
103747	O2A	0	0	0	0	0	0	0	3239.0	0	0	0	0	0	0	0	0	0	0	0	0	0	0	0	0	0	0	0	0	0	0	0	0	3129.0	0	0	0	0	0	0	0
103765	O4A	0	0	0	0	0	0	0	0	0	0	0	0	0	0	0	0	0	0	0	0	0	0	0	0	0	0	0	0	0	0	0	0	15808.0	0	0	0	0	0	0	0
103764	O3I	0	0	0	0	0	0	0	0	0	0	0	0	0	0	0	0	0	0	0	0	0	0	0	0	0	0	0	0	0	0	0	0	7043.0	0	0	0	0	0	0	0
103761	O3F	0	0	0	0	0	0	0	0	0	0	0	0	0	0	0	0	0	0	0	0	0	0	0	0	0	0	0	0	0	0	0	0	14616.0	0	0	0	0	0	0	0
103759	O3D	0	0	0	0	0	0	0	0	0	0	0	0	0	0	0	0	0	0	0	0	0	0	0	0	0	0	0	0	0	0	0	0	16942.0	0	0	0	0	0	0	0
103769	O4E	0	0	0	0	0	0	0	0	0	0	0	0	0	0	0	0	0	0	0	0	0	0	0	0	0	0	0	0	0	0	0	0	6699.0	0	0	0	0	0	0	0
103756	O3A	0	0	0	0	0	0	0	0	0	0	0	0	0	0	0	0	0	0	0	0	0	0	0	0	0	0	0	0	0	0	0	0	8411.0	0	0	0	0	0	0	0
103749	O2C	0	0	0	0	0	0	0	0	0	0	0	0	0	0	0	0	0	0	0	0	0	0	0	0	0	0	0	0	0	0	0	0	5715.0	0	0	0	0	0	0	0
103773	O4I	0	0	0	0	0	0	0	0	0	0	0	0	0	0	0	0	0	0	0	0	0	0	0	0	0	0	0	0	0	0	0	0	4040.0	0	0	0	0	0	0	0
103732	I3D	0	0	0	0	0	0	0	0	0	0	0	0	0	0	0	0	0	0	0	0	0	0	0	0	0	0	0	0	0	0	0	0	4064.0	0	0	0	0	0	0	0
103754	O2H	0	0	0	0	0	0	0	0	0	0	0	0	0	0	0	0	0	0	0	0	0	0	0	0	0	283.0	0	0	0	0	0	0	8097.0	0	0	0	0	0	0	0
103750	O2D	0	0	0	0	0	0	0	0	0	0	0	0	0	0	0	0	0	0	0	0	0	0	0	0	0	0	0	0	0	0	0	0	2219.0	0	0	0	0	0	0	0
103758	O3C	0	0	0	0	0	0	0	0	233.0	0	0	0	0	0	0	0	0	0	0	0	0	0	0	0	0	0	0	0	0	0	0	0	4167.0	0	0	0	0	0	0	0
103730	I3B	0	0	0	0	0	0	0	0	0	0	0	0	0	0	0	0	0	0	874.0	0	0	0	0	0	0	0	0	0	0	0	0	0	6423.0	0	0	0	0	0	0	0
103766	O4B	0	0	0	0	0	0	0	0	0	0	0	0	0	0	0	0	0	0	930.0	0	0	0	0	0	0	0	0	0	0	0	0	0	6790.0	0	0	0	0	0	0	0
103763	O3H	0	0	0	0	0	0	0	0	0	0	0	0	0	1500.0	0	0	0	0	0	0	0	0	0	0	0	0	0	0	0	0	0	0	8653.0	0	0	0	0	0	0	0
103757	O3B	0	0	0	0	0	0	0	0	0	0	0	0	0	0	0	0	0	0	6308.0	0	0	0	0	0	0	0	0	0	0	0	0	0	18072.0	0	0	0	0	0	0	0
103762	O3G	0	0	0	0	0	0	0	0	3362.0	0	0	0	0	0	0	0	0	0	0	0	0	0	0	0	0	0	0	0	0	0	0	0	6725.0	0	0	0	0	0	0	0
103760	O3E	0	0	0	0	0	0	0	0	0	0	0	0	0	0	0	0	0	0	5518.0	0	0	0	0	0	0	0	0	0	0	0	0	0	9000.0	0	0	0	0	0	0	0
103731	I3C	0	0	0	0	0	0	0	0	0	0	0	0	0	0	0	0	0	0	0	0	0	0	0	0	2799.0	0	0	0	0	0	0	0	3864.0	0	0	0	0	0	0	0
131581	I3I4	0	0	0	0	0	0	0	0	27552.0	0	0	0	0	0	0	0	0	0	0	0	0	0	0	0	0	0	0	0	0	0	0	0	0	0	0	0	0	0	0	0
131556	I3B8	0	0	0	0	0	0	0	0	12343.0	0	0	0	0	0	0	0	0	0	0	0	0	0	0	0	0	0	0	0	0	0	0	0	0	0	0	0	0	0	0	0
131580	O2I9	0	0	0	0	0	0	0	0	18658.0	0	0	0	0	0	0	0	0	0	0	0	0	0	0	0	0	0	0	0	0	0	0	0	0	0	0	0	0	0	0	0
131571	I3F1	0	0	0	0	0	0	0	0	23894.0	0	0	0	0	0	0	0	0	0	0	0	0	0	0	0	0	0	0	0	0	0	0	0	0	0	0	0	0	0	0	0
131545	I3C3	0	0	0	0	0	0	0	0	28665.0	0	0	0	0	0	0	0	0	0	0	0	0	0	0	0	0	0	0	0	0	0	0	0	0	0	0	0	0	0	0	0
131578	I3I10	0	0	0	0	0	0	0	0	11055.0	0	0	0	0	0	0	0	0	0	0	0	0	0	0	0	0	0	0	0	0	0	0	309.0	0	0	0	0	0	0	0	0
131476	I3G2	0	0	0	0	0	0	0	0	3764.0	0	0	0	0	0	0	0	0	0	0	0	0	0	0	0	0	0	0	0	0	0	0	0	0	0	0	0	0	0	0	0
131516	I3G1	0	0	0	0	0	0	0	0	2526.0	0	0	0	0	0	0	0	0	0	0	0	0	0	0	0	0	0	0	0	0	0	0	0	0	0	0	0	0	0	0	0
131496	I3C5	0	0	0	0	0	0	0	0	4592.0	0	0	0	0	0	0	0	0	0	0	0	0	0	0	0	0	0	0	0	0	0	0	0	0	0	0	0	0	0	0	0
131539	I3G4	0	0	0	0	0	0	0	0	11203.0	0	0	0	0	0	0	0	0	0	0	0	0	0	0	0	0	0	0	0	0	0	0	637.0	0	0	0	0	0	0	0	0
131426	O2I3	0	0	0	0	0	0	0	0	1806.0	0	0	0	0	0	0	0	0	0	0	0	0	0	0	0	0	0	0	0	0	0	0	0	0	0	0	0	0	0	0	0
131482	I3C4	0	0	0	0	0	0	0	0	1705.0	0	0	0	0	0	0	0	0	0	0	0	0	0	0	0	0	0	0	0	0	0	0	0	0	0	0	0	0	0	0	0
131518	I3I2	0	0	0	0	0	0	0	0	4719.0	0	0	0	0	0	0	0	0	0	0	0	0	0	0	0	0	0	0	0	0	0	312.0	0	0	0	0	0	0	0	0	0
131434	I3B1	0	0	0	0	0	0	0	0	11182.0	0	0	0	0	0	0	0	0	0	0	0	0	0	0	0	0	0	0	0	0	0	1050.0	0	0	0	0	0	0	0	0	0
131447	I3I3	0	0	0	0	0	0	0	0	1389.0	0	0	0	0	0	0	0	0	0	0	0	0	0	0	0	0	0	0	0	0	0	0	0	0	0	0	0	0	0	0	0
131528	I3B3	0	0	0	0	0	0	0	0	7194.0	0	0	0	0	0	0	0	0	0	0	0	0	0	0	0	0	0	0	0	0	0	0	1583.0	0	0	0	0	0	0	0	0
131468	I3H3	0	0	0	0	0	0	0	0	3655.0	0	0	0	0	0	0	0	0	0	0	0	0	0	0	0	0	0	0	0	0	0	655.0	0	0	0	0	0	0	0	0	0
131585	I2I3	0	0	0	0	0	0	0	0	13580.0	0	0	0	0	0	0	0	0	0	0	0	0	0	0	0	0	0	0	0	0	0	0	3533.0	0	0	0	0	0	0	0	0
131470	O3G2	0	0	0	0	0	0	0	0	3526.0	0	0	0	0	0	0	0	0	0	0	0	0	0	0	0	0	0	0	0	0	0	996.0	0	0	0	0	0	0	0	0	0
103737	I3I	0	0	0	0	0	0	0	0	7018.0	0	0	0	0	0	0	0	0	0	0	0	0	0	0	0	0	0	0	0	0	0	0	0	6202.0	0	0	0	0	0	0	0
131517	I3A1	0	0	0	0	0	0	0	0	0	4794.0	0	0	0	0	0	0	0	0	0	0	0	0	0	0	0	0	0	0	0	0	0	0	0	0	0	0	0	0	0	0
131515	I3A7	0	0	0	0	0	0	0	0	0	8261.0	0	0	0	0	0	0	0	0	0	0	0	0	0	0	0	0	0	0	0	0	0	0	0	0	0	0	0	0	0	0
131522	negcontrol1	0	0	0	0	0	0	0	0	0	6723.0	0	0	0	0	0	0	0	0	0	0	0	0	0	0	0	0	0	0	0	0	0	0	0	0	0	0	0	0	0	0
131573	I2A4	0	0	0	0	0	0	0	0	0	33276.0	0	0	0	0	0	0	0	0	0	0	0	0	0	0	0	0	0	0	0	0	0	0	0	0	0	0	0	0	0	0
131542	O2I1	0	0	0	0	0	0	0	0	0	17515.0	0	0	0	0	0	0	0	0	0	0	0	0	0	0	0	0	0	0	0	0	0	0	0	0	0	0	0	0	0	0
131586	I2F2	0	0	0	0	0	0	0	0	0	32460.0	0	0	0	0	0	0	0	0	0	0	0	0	0	0	0	0	0	0	0	0	0	0	0	0	0	0	0	0	0	0
131612	ITS-neg-old	0	0	0	0	0	0	0	0	0	11516.0	0	0	0	0	0	0	0	0	0	0	0	0	0	0	0	0	0	0	0	0	0	0	0	0	0	0	0	0	0	0
131561	I2F10	0	0	0	0	0	0	0	0	0	18043.0	0	0	0	0	0	0	0	0	0	0	0	0	0	0	0	0	0	0	0	0	0	0	0	0	0	0	0	0	0	0
131584	I2A7	0	0	0	0	0	0	0	0	0	27697.0	0	0	0	0	0	0	0	0	0	0	0	0	0	0	0	0	0	0	0	0	0	0	0	0	0	0	0	0	0	0
131595	I3A4	0	0	0	0	0	0	0	0	0	23012.0	0	0	0	0	0	0	0	0	0	0	0	0	0	0	0	0	0	0	0	0	0	680.0	0	0	0	0	0	0	0	0
103729	I3A	0	0	0	0	0	0	0	0	0	6900.0	0	0	0	0	0	0	0	0	0	0	0	0	0	0	0	0	0	0	0	0	0	0	0	0	0	0	0	0	0	0
131433	O2D3	0	0	0	0	0	0	0	0	0	10082.0	0	0	0	0	0	0	0	0	0	0	0	0	0	0	0	0	0	0	0	0	0	0	0	0	0	0	0	0	0	0
131523	negcontrol2	0	0	0	0	0	0	0	0	0	1813.0	0	0	0	0	0	0	0	0	0	0	0	0	0	0	0	0	0	0	0	0	0	0	0	0	0	0	0	0	0	0
103736	I3H	0	0	0	0	0	0	0	0	0	4063.0	0	0	0	0	0	0	0	0	0	0	0	0	0	0	0	0	0	0	0	0	0	0	1102.0	0	0	0	0	0	0	0
131527	I3H5	0	0	0	0	0	0	0	0	0	5978.0	0	0	0	0	0	0	0	0	0	0	0	0	0	0	0	0	0	0	0	0	0	1946.0	0	0	0	0	0	0	0	0
131499	O2G2	0	0	0	0	0	0	0	0	0	5409.0	0	0	0	0	0	0	0	0	0	0	0	0	0	0	0	0	0	0	0	0	1520.0	0	0	0	0	0	0	0	0	0
131520	O3B1	0	0	0	0	0	0	0	0	0	3501.0	0	0	0	0	0	0	0	0	0	0	0	0	0	0	0	0	0	0	0	0	0	1631.0	0	0	0	0	0	0	0	0
131526	I3E3	0	0	0	0	0	0	0	0	0	3688.0	0	0	0	0	0	0	0	0	0	0	0	0	0	0	0	0	0	0	0	0	0	2264.0	0	0	0	0	0	0	0	0
131551	I4I4	0	0	0	0	0	0	0	0	0	0	11945.0	0	0	0	0	0	0	0	0	0	0	0	0	0	0	0	0	0	0	0	0	0	0	0	0	0	0	0	0	0
131438	I2A1	0	0	0	0	0	0	0	0	0	0	9856.0	0	0	0	0	0	0	0	0	0	0	0	0	0	0	0	0	0	0	0	0	0	0	0	0	0	0	0	0	0
131492	I2F4	0	0	0	0	0	0	0	0	0	0	8936.0	0	0	0	0	0	0	0	0	0	0	0	0	0	0	0	0	0	0	0	0	0	0	0	0	0	0	0	0	0
131567	I4B3	0	0	0	0	0	0	0	0	0	0	15548.0	0	0	0	0	0	0	0	0	0	0	0	0	0	0	0	0	0	0	0	0	0	0	0	0	0	0	0	0	0
131519	I4B4	0	0	0	0	0	0	0	0	0	0	1794.0	0	0	0	0	0	0	0	0	0	0	0	0	0	0	0	0	0	0	0	0	0	0	0	0	0	0	0	0	0
131504	O2I4	0	0	0	0	0	0	0	0	0	0	8228.0	0	0	0	0	0	0	0	0	0	0	0	0	0	0	0	0	0	0	0	0	155.0	0	0	0	0	0	0	0	0
131436	I2C4	0	0	0	0	0	0	0	0	0	0	11709.0	0	0	0	0	0	0	0	0	0	0	0	0	0	0	0	0	0	0	0	0	0	0	0	0	0	0	0	0	0
131534	I4I1	0	0	0	0	0	0	0	0	0	0	12612.0	0	0	0	0	0	0	0	0	0	0	0	0	0	0	0	0	0	0	0	0	535.0	0	0	0	0	0	0	0	0
131428	I3H8	0	0	0	0	0	0	0	0	0	0	2457.0	0	0	0	0	0	0	0	0	0	0	0	0	0	0	0	0	0	0	0	223.0	0	0	0	0	0	0	0	0	0
131514	O4F3	0	0	0	0	0	0	0	0	0	0	910.0	0	0	0	0	0	0	0	0	0	0	0	0	0	0	0	0	0	0	0	321.0	0	0	0	0	0	0	0	0	0
131473	I2E4	0	0	0	0	0	0	0	0	0	0	200.0	0	0	0	0	0	0	0	0	0	0	0	0	0	0	0	12.0	0	0	0	0	0	0	0	0	0	0	0	0	0
131555	I2D1	0	0	0	0	0	0	0	0	0	0	0	34372.0	0	0	0	0	0	0	0	0	0	0	0	0	0	0	0	0	0	0	0	0	0	0	0	0	0	0	0	0
131560	I2A3	0	0	0	0	0	0	0	0	0	0	0	22791.0	0	0	0	0	0	0	0	0	0	0	0	0	0	0	0	0	0	0	0	0	0	0	0	0	0	0	0	0
131472	I4I7	0	0	0	0	0	0	0	0	0	0	0	10456.0	0	0	0	0	0	0	0	0	0	0	0	0	0	0	0	0	0	0	0	0	0	0	0	0	0	0	0	0
131566	I2C2	0	0	0	0	0	0	0	0	0	0	0	13649.0	0	0	0	0	0	0	0	0	0	0	0	0	0	0	0	0	0	0	0	0	0	0	0	0	0	0	0	0
131448	I2B4	0	0	0	0	0	0	0	0	0	0	0	4233.0	0	0	0	0	0	0	0	0	0	0	0	0	0	0	0	0	0	0	0	0	0	0	0	0	0	0	0	0
131493	I4D9	0	0	0	0	0	0	0	0	0	0	0	4899.0	0	0	0	0	0	0	0	0	0	0	0	0	0	0	0	0	0	0	0	0	0	0	0	0	0	0	0	0
131463	I2I7	0	0	0	0	0	0	0	0	0	0	0	2932.0	0	0	0	0	0	0	0	0	0	0	0	0	0	0	0	0	0	0	0	0	0	0	0	0	0	0	0	0
131483	I4H3	0	0	0	0	0	0	0	0	0	0	0	3684.0	0	0	0	0	0	0	0	0	0	0	0	0	0	0	0	0	0	0	0	0	0	0	0	0	0	0	0	0
131443	I4I2	0	0	0	0	0	0	0	0	0	0	0	3054.0	0	0	0	0	0	0	0	0	0	0	0	0	0	0	0	0	0	0	0	0	0	0	0	0	0	0	0	0
131601	O2C1	0	0	0	0	0	0	0	0	0	0	0	8193.0	0	0	0	0	0	0	0	0	0	0	0	0	0	0	0	0	0	0	0	7245.0	0	0	0	0	0	0	0	0
131592	O2E2	0	0	0	0	0	0	0	0	0	0	0	0	21782.0	0	0	0	0	0	0	0	0	0	0	0	0	0	0	0	0	0	0	0	0	0	0	0	0	0	0	0
131547	I4A2	0	0	0	0	0	0	0	0	0	0	0	0	27915.0	0	0	0	0	0	0	0	0	0	0	0	0	0	0	0	0	0	0	0	0	0	0	0	0	0	0	0
131548	I2A2	0	0	0	0	0	0	0	0	0	0	0	0	30384.0	0	0	0	0	0	0	0	0	0	0	0	0	0	0	0	0	0	0	0	0	0	0	0	0	0	0	0
131587	O2B2	0	0	0	0	0	0	0	0	0	0	0	0	25190.0	0	0	0	0	0	0	0	0	0	0	0	0	0	0	0	0	0	0	0	0	0	0	0	0	0	0	0
131594	I2G11	0	0	0	0	0	0	0	0	0	0	0	0	13291.0	0	0	0	0	0	0	0	0	0	0	0	0	0	0	0	0	0	0	0	0	0	0	0	0	0	0	0
131589	I2B8	0	0	0	0	0	0	0	0	0	0	0	0	27635.0	0	0	0	0	0	0	0	0	0	0	0	0	0	0	0	0	0	0	0	0	0	0	0	0	0	0	0
131607	I2F1	0	0	0	0	0	0	0	0	0	0	0	0	17556.0	0	0	0	0	0	0	0	0	0	0	0	0	0	0	0	0	0	0	0	0	0	0	0	0	0	0	0
131559	I2A12	0	0	0	0	0	0	0	0	0	0	0	0	19654.0	0	0	0	0	0	0	0	0	0	0	0	0	0	0	0	0	0	0	0	0	0	0	0	0	0	0	0
131572	O2A9	0	0	0	0	0	0	0	0	0	0	0	0	23931.0	0	0	0	0	0	0	0	0	0	0	0	0	0	0	0	0	0	0	0	0	0	0	0	0	0	0	0
131598	I2G5	0	0	0	0	0	0	0	0	0	0	0	0	47404.0	0	0	0	0	0	0	0	0	0	0	0	0	0	0	0	0	0	0	0	0	0	0	0	0	0	0	480.0
131546	I2B2	0	0	0	0	0	0	0	0	0	0	0	0	12974.0	0	0	0	0	0	0	0	0	0	0	0	0	0	0	0	0	0	0	0	0	0	0	0	0	0	0	0
103720	I2A	0	0	0	0	0	0	0	0	0	0	0	0	7835.0	0	0	0	0	0	0	0	0	0	0	0	0	0	0	0	0	0	0	0	0	0	0	0	0	0	0	0
131588	I2G2	0	0	0	0	0	0	0	0	0	0	0	0	20307.0	0	0	0	0	0	0	0	0	0	0	0	0	0	0	0	0	0	0	1198.0	0	0	0	0	0	0	0	0
131606	O3G1	0	0	0	0	0	0	0	0	0	0	0	0	0	23244.0	0	0	0	0	0	0	0	0	0	0	0	0	0	0	0	0	0	0	0	0	0	0	0	0	0	0
131602	O3G7	0	0	0	0	0	0	0	0	0	0	0	0	0	34684.0	0	0	0	0	0	0	0	0	0	0	0	0	0	0	0	0	0	0	0	0	0	0	0	0	0	0
131525	O3H2	0	0	0	0	0	0	0	0	0	0	0	0	0	18914.0	0	0	0	0	0	0	0	0	0	0	0	0	0	0	0	0	0	202.0	0	0	0	0	0	0	0	0
131563	O3H3	0	0	268.0	0	0	0	0	0	0	0	0	0	0	15441.0	0	0	0	0	0	0	0	0	0	0	0	0	0	0	0	0	0	361.0	0	0	0	0	0	0	0	0
131479	O3H7	0	0	0	0	0	0	0	0	0	0	0	0	0	4223.0	0	0	0	0	0	0	0	0	0	0	0	0	0	0	0	0	0	0	0	0	0	0	0	0	0	0
103724	I2E	252.0	0	0	0	0	0	0	0	0	0	0	0	0	10951.0	0	0	0	0	0	0	0	0	0	0	0	0	0	0	0	0	0	0	0	0	0	0	0	0	0	0
131484	I2E3	0	0	0	0	0	0	0	0	0	0	0	0	0	2669.0	0	0	0	0	0	0	0	0	0	0	0	0	0	0	0	0	0	0	0	0	0	0	0	0	0	0
131550	O3G8	0	0	0	0	0	0	0	0	0	0	0	0	0	27617.0	0	0	0	0	0	0	0	0	0	0	0	0	0	0	0	0	0	2594.0	0	0	0	0	0	0	0	0
131445	I3F4	0	0	0	0	0	0	0	0	0	0	0	0	0	2980.0	0	0	0	0	0	0	0	0	0	0	0	0	0	0	0	0	0	0	0	0	0	0	0	0	0	0
131537	O3H1	0	0	0	0	0	0	0	0	0	0	0	0	0	3202.0	0	0	0	0	0	0	0	0	0	0	0	0	0	0	0	0	0	0	0	0	0	0	0	0	278.0	0
131500	I3F3	0	0	0	0	0	0	0	0	0	0	0	0	0	2211.0	0	0	0	0	0	0	0	0	0	0	0	0	0	0	0	0	635.0	0	0	0	0	0	0	0	0	0
131449	O4C2	0	0	0	0	0	0	0	0	0	0	0	0	0	4068.0	0	0	0	0	0	0	0	0	0	0	0	0	0	0	0	0	1639.0	0	0	0	0	0	0	0	0	0
131552	I4F4	0	0	0	0	0	0	0	0	0	0	0	0	0	0	26207.0	0	0	0	0	0	0	0	0	0	0	0	0	0	0	0	0	0	0	0	0	0	0	0	0	0
103745	I4H	0	0	0	0	0	0	0	0	0	0	0	0	0	0	11165.0	0	0	0	0	0	0	0	0	0	0	0	0	0	0	0	0	0	0	0	0	0	0	0	0	0
131564	I4B1	0	0	0	0	0	0	0	0	0	0	0	0	0	0	29357.0	0	0	0	0	0	0	0	0	0	0	0	0	0	0	0	0	0	0	0	0	0	0	0	0	0
131532	I4H4	0	0	0	0	0	0	0	0	0	0	0	0	0	0	18476.0	0	0	0	0	0	0	0	0	0	0	0	0	0	0	0	0	0	0	0	0	0	0	0	0	0
131557	I4G4	0	0	0	293.0	0	0	0	0	0	0	0	0	0	0	13554.0	0	0	0	0	0	0	0	0	0	0	0	0	0	0	0	0	0	0	0	0	0	0	0	0	0
131480	I4C4	0	0	0	0	0	0	0	0	0	0	0	0	0	0	4690.0	0	0	0	0	0	0	0	0	0	0	0	0	0	0	0	0	0	0	0	0	0	0	0	0	0
103740	I4C	0	0	0	0	0	0	0	0	0	0	0	0	0	0	9124.0	0	0	0	0	0	0	0	0	0	0	0	0	0	0	0	0	0	0	0	0	0	0	0	0	0
131451	I2C1	0	0	0	0	0	0	0	0	0	0	0	0	0	0	9011.0	0	0	0	0	0	0	0	0	0	0	0	0	0	0	0	0	0	0	0	0	0	0	0	0	0
131457	I2C3	0	0	0	0	0	0	0	0	0	0	0	0	0	0	5424.0	0	0	0	0	0	0	0	0	0	0	0	0	0	0	0	0	0	0	0	0	0	0	0	0	0
131489	I2D3	0	0	354.0	0	0	0	0	0	0	0	0	0	0	0	7289.0	0	0	0	0	0	0	0	0	0	0	0	0	0	0	0	0	0	0	0	0	0	0	0	0	0
131505	I4G2	0	0	0	0	0	0	0	0	0	0	0	0	0	0	1756.0	0	0	0	0	0	0	0	0	0	0	0	0	0	0	0	283.0	0	0	0	0	0	0	0	0	0
103752	O2F	0	0	0	0	0	0	0	0	0	0	0	0	0	0	0	0	0	0	0	0	0	0	0	0	0	0	0	0	0	0	0	0	0	6339.0	0	0	0	0	0	0
103727	I2H	0	0	0	0	0	0	0	0	0	0	0	0	0	0	0	0	0	0	0	0	0	0	0	0	0	0	0	0	0	0	0	0	0	6206.0	0	0	0	0	0	0
103733	I3E	0	0	0	0	0	0	0	0	0	0	0	0	0	0	0	0	0	0	0	0	0	0	0	0	0	0	0	0	0	0	0	0	0	4981.0	0	0	0	0	0	0
103770	O4F	0	0	0	0	0	0	0	0	0	0	0	0	0	0	0	0	0	0	0	0	0	0	0	0	0	0	0	0	0	0	0	0	0	7634.0	0	0	0	0	0	0
103734	I3F	0	0	0	0	0	0	0	0	0	0	0	0	0	0	0	0	0	0	0	0	0	0	0	0	0	0	0	0	0	0	0	0	0	8600.0	0	0	0	0	0	0
103753	O2G	0	0	0	0	0	0	0	0	0	0	0	0	0	0	0	0	0	0	0	0	0	0	0	0	0	0	0	0	0	0	0	0	0	3806.0	0	0	0	0	0	0
103767	O4C	0	0	0	0	0	0	0	0	0	0	0	0	0	0	0	0	0	0	0	0	0	0	0	0	0	0	0	0	0	0	0	0	0	3783.0	0	0	0	0	0	0
103771	O4G	0	0	0	0	0	0	0	0	0	0	0	0	0	0	0	0	0	0	0	0	0	0	0	0	0	0	0	0	0	0	0	0	0	6749.0	0	0	0	0	0	0
103772	O4H	0	0	0	0	0	0	0	0	0	0	0	0	0	0	0	0	0	0	0	0	0	0	0	0	0	0	0	171.0	0	0	0	0	0	4589.0	0	0	0	0	0	0
131477	I4A4	0	0	0	0	0	0	0	0	0	0	0	0	0	0	0	2673.0	0	0	0	0	0	0	0	0	0	0	0	0	0	0	0	0	0	0	0	0	0	0	0	0
103748	O2B	0	0	0	0	0	0	0	0	0	0	0	0	0	0	0	6883.0	0	0	0	0	0	0	0	0	0	0	0	0	0	0	0	0	0	0	0	0	0	0	0	0
131541	I4D4	0	0	0	0	0	0	0	0	0	0	0	0	0	0	0	5935.0	0	0	0	0	0	0	0	0	0	0	0	0	0	0	0	0	0	0	0	0	0	0	0	0
131462	I2I4	0	0	0	0	0	0	0	0	0	0	0	0	0	0	0	5280.0	0	0	0	0	0	0	0	0	0	0	0	0	0	0	229.0	0	0	0	0	0	0	0	0	0
103738	I4A	0	0	0	0	0	0	0	0	0	0	0	0	0	0	0	10094.0	0	0	0	0	0	0	0	0	0	0	0	0	0	0	0	0	0	0	0	0	0	1470.0	0	0
103728	I2I	0	0	0	0	0	0	0	0	0	0	0	0	0	0	0	3143.0	0	0	0	0	0	0	0	0	0	0	0	0	0	0	0	0	0	624.0	0	0	0	0	0	0
131600	O2A11	0	0	0	0	0	0	0	0	0	0	0	0	0	0	0	19954.0	0	0	0	0	0	0	0	0	0	0	0	0	0	0	0	4142.0	0	0	0	0	0	0	0	0
131591	I4F2	0	0	0	0	0	0	0	0	0	0	0	0	0	0	0	0	16832.0	0	0	0	0	0	0	0	0	0	0	0	0	0	0	0	0	0	0	0	0	0	0	0
131458	I2I10	0	0	0	0	0	0	0	0	0	0	0	0	0	0	0	0	6401.0	0	0	0	0	0	0	0	0	0	0	0	0	0	0	0	0	0	0	0	0	0	0	0
103743	I4F	0	0	0	120.0	0	0	14.0	0	0	0	0	0	0	0	0	0	7027.0	0	0	0	0	0	0	0	0	0	0	0	0	0	0	0	0	0	0	0	0	0	0	0
131446	I4C2	0	0	0	0	0	0	0	0	0	0	0	0	0	0	0	0	4470.0	0	0	0	0	0	0	0	0	0	0	0	0	0	0	0	0	0	0	0	0	0	0	0
131429	I4G9	0	0	0	226.0	0	0	0	0	0	0	0	0	0	0	0	0	5663.0	0	0	0	0	0	0	0	0	0	0	0	0	0	0	0	0	0	0	0	0	0	0	0
131583	I4G3	0	0	0	609.0	0	0	0	0	0	0	0	0	0	0	0	0	10607.0	0	0	0	0	0	0	0	0	0	0	0	0	0	0	0	0	0	0	0	0	0	0	0
103744	I4G	0	0	0	715.0	0	0	0	0	0	0	0	0	0	0	0	0	11978.0	0	0	0	0	0	0	0	0	0	0	0	0	0	0	0	0	0	0	0	0	0	0	0
131611	O2E3	0	0	0	0	0	0	0	0	0	0	0	0	0	0	0	0	0	29840.0	0	0	0	0	0	0	0	0	0	0	0	0	0	0	0	0	0	0	0	0	0	0
131501	O2E8	0	0	0	0	0	0	0	0	0	0	0	0	0	0	0	0	0	6541.0	0	0	0	0	0	0	0	0	0	0	0	0	0	0	0	0	0	0	0	0	0	0
131570	O2E4	0	0	0	0	0	0	0	0	0	0	0	0	0	0	0	0	0	18233.0	0	0	2483.0	0	0	0	0	0	0	0	0	0	0	0	0	0	0	0	0	0	0	0
131615	Alexa2	0	0	0	0	69369.0	0	0	0	0	0	0	0	0	0	0	0	0	0	0	0	0	0	0	0	0	0	0	0	0	0	0	0	0	0	0	0	0	0	0	0
131614	Alexa1	0	0	0	0	136276.0	0	0	0	0	0	0	0	0	0	0	0	0	0	0	0	0	0	0	0	0	0	0	0	0	0	0	0	0	0	0	0	0	0	0	0
131613	ITS-neg-new	0	0	0	0	0	0	0	0	0	0	0	0	0	0	0	0	0	39.0	0	0	172.0	0	0	0	0	0	0	0	0	0	0	0	0	0	0	0	0	0	0	0
131508	I2E2	0	0	0	0	0	0	0	0	0	0	0	0	0	0	0	0	0	0	0	0	0	0	3946.0	0	0	0	0	0	0	0	0	0	0	0	0	0	0	0	0	0
131608	MA2	0	0	0	0	0	10429.0	0	0	0	0	229.0	0	0	0	0	0	0	0	0	0	0	0	0	0	0	0	0	0	0	0	0	0	0	0	0	0	0	0	0	0
131609	ME1	0	0	0	0	0	7004.0	0	0	0	0	0	403.0	0	0	0	0	0	0	0	0	0	0	0	0	0	0	0	0	0	0	0	1948.0	0	0	0	0	0	0	0	0
131604	I2E7	0	0	0	0	0	0	0	0	0	0	0	0	0	0	0	0	0	0	0	0	0	0	0	39287.0	0	0	0	0	0	0	0	0	0	0	0	0	0	0	0	0
131481	O3E3	0	0	0	0	0	0	0	0	0	0	0	0	0	0	0	0	0	0	0	0	0	0	0	3461.0	0	0	0	0	0	0	285.0	0	0	0	0	0	0	0	0	0
103768	O4D	0	0	0	0	0	0	0	0	0	0	0	0	0	0	0	0	0	0	0	0	0	0	0	0	0	0	0	0	0	0	0	0	0	0	0	2486.0	0	0	0	0
131444	I3G3	0	0	0	0	0	0	0	0	0	0	0	0	0	0	0	0	0	0	0	0	0	0	0	0	0	0	0	0	2861.0	0	869.0	0	0	0	0	0	0	0	0	0
103735	I3G	0	3445.0	0	0	0	0	0	0	0	0	0	0	0	0	0	0	0	0	0	0	0	0	0	0	0	0	0	0	0	0	0	0	0	0	0	0	348.0	0	0	0
103751	O2E	0	0	0	0	0	0	0	0	0	0	0	0	0	0	0	0	0	1392.0	0	0	0	0	0	0	0	0	0	0	0	5259.0	0	0	0	0	0	0	0	0	0	0
131503	I3H2	0	0	0	0	0	0	0	0	0	0	0	0	0	0	0	0	0	0	0	0	0	0	0	0	0	0	0	0	0	0	0	0	0	0	0	0	0	0	0	0
Sequence accession / SymPortal UID		29923	29206	37844-51610	29665-37591	21914-1463664	4946	37517	2-308-32-4-833	2-308-828-4-1	2-308-828-4	2-308-32-828	2-308-32-835	2-308-835-4	2-308-4-1-831-32-848-832	32-2-2414-4676	2-308-835-4-1	32-2414-4676	44088-44089	2-308-1103-4-1112-1123-1108	2-308-32-4	2-308	2-308-32	2-32-308-4-1	2-308-4-32-1-831-848	2-308-4-32-1-848	2-308-1123-1112-1103-1108	517	2-1103-308-4	2-308-4-32-1-831	2-6276-32-4	853-854-2589-43424-1730-25502-2308	853-854-2589-1730-104615-2308	853-854-1730-2308-855-12730	853-854-1730-2308-855	853-854-2589-1730-104615	853-854-1730-2308-1752	853-854-1730-2308	853-854-1730-944-2582-1759-2587-1768	853-854-104615-1730-2308-12504	54555
Average defining sequence proportions and [stdev]		1.000[nan]	1.000[nan]	0.863[0.019]-0.137[0.019]	0.905[0.076]-0.095[0.076]	0.947[0.001]-0.053[0.001]	1.000[0.000]	1.000[nan]	0.814[0.067]-0.104[0.021]-0.050[0.077]-0.022[0.005]-0.011[0.003]	0.762[0.025]-0.165[0.028]-0.036[0.010]-0.027[0.010]-0.011[0.004]	0.793[0.034]-0.156[0.033]-0.033[0.006]-0.017[0.003]	0.754[0.096]-0.116[0.031]-0.099[0.122]-0.030[0.010]	0.808[0.084]-0.106[0.019]-0.059[0.095]-0.027[0.013]	0.848[0.012]-0.113[0.011]-0.022[0.001]-0.017[0.001]	0.705[0.044]-0.140[0.017]-0.056[0.021]-0.035[0.013]-0.021[0.011]-0.016[0.010]-0.015[0.006]-0.012[0.005]	0.789[0.130]-0.140[0.133]-0.039[0.011]-0.032[0.007]	0.843[0.023]-0.105[0.017]-0.024[0.005]-0.022[0.008]-0.006[0.004]	0.927[0.005]-0.039[0.005]-0.034[0.004]	0.872[0.062]-0.128[0.062]	0.767[0.048]-0.128[0.028]-0.028[0.012]-0.024[0.012]-0.019[0.005]-0.017[0.009]-0.016[0.005]	0.829[0.063]-0.102[0.043]-0.039[0.012]-0.030[0.008]	0.919[0.007]-0.081[0.007]	0.908[0.042]-0.046[0.029]-0.046[0.014]	0.673[0.179]-0.210[0.211]-0.090[0.032]-0.016[0.004]-0.011[0.004]	0.787[0.003]-0.137[0.015]-0.029[0.002]-0.019[0.009]-0.015[0.004]-0.007[0.001]-0.006[0.001]	0.804[nan]-0.134[nan]-0.029[nan]-0.018[nan]-0.011[nan]-0.005[nan]	0.760[nan]-0.113[nan]-0.039[nan]-0.035[nan]-0.028[nan]-0.025[nan]	1.000[nan]	0.807[nan]-0.094[nan]-0.058[nan]-0.041[nan]	0.799[nan]-0.131[nan]-0.029[nan]-0.021[nan]-0.013[nan]-0.006[nan]	0.803[nan]-0.110[nan]-0.048[nan]-0.039[nan]	0.488[0.024]-0.212[0.021]-0.079[0.011]-0.071[0.018]-0.055[0.014]-0.053[0.011]-0.043[0.011]	0.573[0.030]-0.231[0.028]-0.056[0.009]-0.055[0.013]-0.045[0.006]-0.041[0.008]	0.617[0.027]-0.240[0.013]-0.057[0.014]-0.035[0.005]-0.026[0.012]-0.025[0.004]	0.630[0.032]-0.233[0.013]-0.069[0.020]-0.044[0.010]-0.023[0.004]	0.534[0.038]-0.273[0.046]-0.077[0.023]-0.068[0.026]-0.048[0.005]	0.657[nan]-0.216[nan]-0.064[nan]-0.040[nan]-0.023[nan]	0.638[nan]-0.230[nan]-0.075[nan]-0.057[nan]	0.598[nan]-0.238[nan]-0.041[nan]-0.037[nan]-0.029[nan]-0.027[nan]-0.018[nan]-0.013[nan]	0.536[nan]-0.223[nan]-0.072[nan]-0.068[nan]-0.054[nan]-0.047[nan]	1.000[0.000]
